0.000000e+00
1.500000e-08
1.000000e-09
0.000000e+00
0.000000e+00
1.000000e-09
2.100000e-09
1.300000e-09
6.400000e-10
2.140000e-09
0.000000e+00
-6.210000e-02
-6.210000e-02
0.000000e+00
0.000000e+00
0.000000e+00
1.530000e-04
6.809300e-01
4.220200e-01
6.060700e-01
1.287600e-01
9.775200e-01
3.822500e-02
4.885000e-01
1.936200e-01
0.000000e+00
0.000000e+00
0.000000e+00
8.000000e-03
3.630000e-07
1.400000e-01
2.300000e-07
8.180000e-05
1.150000e-03
1.500000e+03
1.200000e-02
6.856100e-02
6.194900e-01
3.360300e-01
1.339300e-01
8.914900e-02
8.693900e-02
4.670000e-05
2.900000e-11
9.000000e-02
2.000000e-03
5.400000e-03
-2.520000e-02
6.200000e-02
3.600000e-02
0.000000e+00
0.000000e+00
0.000000e+00